2372 20930
26089 3482
7221 343
4826 25012
25420 23443
21747 8630
29331 26073
30279 16050
15389 17679
25914 2309
17671 5352
2014 13961
11824 26606
26897 8062
3256 15442
6994 24117
20025 29044
28008 15746
9416 2608
19633 8671
13994 18414
29002 22880
3542 27240
12260 32347
815 8250
3425 22739
8574 29739
28722 27305
15409 17213
2928 4737
13781 1910
24507 29045
12885 877
28118 32636
12528 6804
30463 31385
18940 25159
26383 7363
3164 14232
17494 17559
14018 26071
16692 31936
18597 10724
19319 3618
9985 7734
13688 2249
20690 23463
21748 28565
24398 23301
13227 29345
19941 25433
11707 25720
17913 4341
6586 22007
27229 16703
22165 1280
24207 28480
23338 2531
1462 19692
9128 28557
13658 9519
6306 8814
22501 21180
19446 25132
15069 22420
10080 8713
1247 24920
26845 1044
3930 18000
2241 23315
8209 18231
26007 24363
15951 8652
20924 341
8167 16410
24250 2433
27122 4226
614 27527
16712 21133
29112 32466
26298 25715
19821 1227
23318 23914
31838 10759
18136 176
20382 28207
8624 21847
19543 7859
21944 28372
14178 20526
23153 12869
16039 664
899 9350
23610 23598
32561 3314
20274 10017
16541 30969
17993 32256
20929 27750
6197 21223
